8,0,0,0,0,10,2016-10-08 01:18:22,2016-10-08 01:18:22,2016-10-08 01:18:32,2016-10-08 01:18:32,0,0,0,0,0,0,0,0,0,-1,0,-1,-1,-1,141,1,0,0,0,0,0,0,0,0,0,0,0,0,0,1,7,0,0,1,0,0,0,0,0,0,0,0,0,0,0,0,00014001171475885885,,000002167,,,,,,000002167,,,,,,,,,,,,,,,,,,0,0,0,0,0,0,
9,0,0,0,17,27,2016-10-08 01:18:05,2016-10-08 01:18:05,2016-10-08 01:18:32,2016-10-08 01:18:32,0,0,0,0,0,0,0,0,7991,-1,702,-1,-1,-1,491,3,0,0,0,0,0,0,0,0,0,0,0,0,0,1,4,0,0,1,0,0,0,0,0,0,0,0,0,0,0,0,00014001171475885885,5154840,000008428,5152310,,,,5152310,7759512288,5154840,,,,,,,,5154840,,,,,,,,,0,0,0,0,0,0,
10,0,0,0,0,4,2016-10-08 01:18:32,2016-10-08 01:18:32,2016-10-08 01:18:36,2016-10-08 01:18:36,0,0,0,0,0,0,0,0,0,-1,0,-1,-1,-1,141,1,0,0,0,0,0,0,0,0,0,0,0,0,0,1,7,0,0,1,0,0,0,0,0,0,0,0,0,0,0,0,00016153291475885900,,000002168,,,,,,000002168,,,,,,,,,,,,,,,,,,0,0,0,0,0,0,
11,0,0,0,12,16,2016-10-08 01:18:20,2016-10-08 01:18:20,2016-10-08 01:18:36,2016-10-08 01:18:36,0,0,0,0,0,0,0,0,7991,-1,702,-1,-1,-1,691,3,0,0,0,0,0,0,0,0,0,0,0,0,0,1,4,0,0,1,0,0,0,0,0,0,0,0,0,0,0,0,00016153291475885900,5154840,000021423,5152310,,,,5152310,7710483327,5154840,,,,,,,,5154840,,,,,,,,,0,0,0,0,0,0,
12,5,0,0,26,99,2016-10-08 01:17:18,2016-10-08 01:17:18,2016-10-08 01:19:02,2016-10-08 01:19:02,73,0,0,0,1,0,0,0,556,651,1511,651,-1,-1,691,3,0,2,0,0,0,0,0,0,0,0,0,0,0,1,2,5,0,1,0,0,4,0,0,0,0,0,0,0,0,0,00016153041475885838,5161975,000022079,5132784,,1154544,,5132784,7598996224,1,,,,,,,,5161975,,,,,,,,,0,2,4,0,0,0,
13,0,0,0,0,170,2016-10-08 01:15:56,2016-10-08 01:15:56,2016-10-08 01:19:14,2016-10-08 01:19:14,0,0,0,0,0,0,0,0,0,-1,0,-1,-1,-1,691,3,0,0,0,0,0,0,1,0,0,0,0,0,0,1,7,0,0,1,0,0,0,0,0,0,0,0,0,0,0,0,00016152741475885756,,000021392,,,,,,000021392,,,,,,,,,,,,,,,,,,0,0,0,0,0,0,
13,28,0,0,5,6,2016-10-08 01:15:50,2016-10-08 01:15:50,2016-10-08 01:19:14,2016-10-08 01:19:14,171,0,0,0,2,0,0,0,1800,101,1800,101,-1,-1,691,3,0,1,0,32,0,0,0,0,0,0,0,0,0,1,2,4,0,2,0,0,14,0,0,0,0,0,0,0,0,0,00042093501475885750,5151172,000022078,5151172,,1154428,,5151172,000022078,,,,,,,,,,,,,,,,,491d343331303031343432303831303136303131343039313532353030313600,0,2,14,0,0,0,
14,0,0,0,0,7,2016-10-08 01:19:25,2016-10-08 01:19:25,2016-10-08 01:19:32,2016-10-08 01:19:32,0,0,0,0,0,0,0,0,0,-1,0,-1,-1,-1,141,1,0,0,0,0,0,0,0,0,0,0,0,0,0,1,7,0,0,1,0,0,0,0,0,0,0,0,0,0,0,0,00016153391475885950,,000002169,,,,,,000002169,,,,,,,,,,,,,,,,,,0,0,0,0,0,0,
15,0,0,0,15,22,2016-10-08 01:19:10,2016-10-08 01:19:10,2016-10-08 01:19:32,2016-10-08 01:19:32,0,0,0,0,0,0,0,0,7991,-1,702,-1,-1,-1,691,3,0,0,0,0,0,0,0,0,0,0,0,0,0,1,4,0,0,1,0,0,0,0,0,0,0,0,0,0,0,0,00016153391475885950,5154840,000022016,5152310,,,,5152310,7491962150,5154840,,,,,,,,5154840,,,,,,,,,0,0,0,0,0,0,
16,0,0,0,0,0,2016-10-08 01:19:41,2016-10-08 01:19:41,2016-10-08 01:19:41,2016-10-08 01:19:41,0,0,0,0,0,0,0,0,0,-1,0,-1,-1,-1,683,2,0,0,0,0,0,0,0,0,0,0,0,0,0,1,7,0,0,1,0,0,0,0,0,0,0,0,0,0,0,0,00033058651475885981,,000015103,,,,,,000015103,,,,,,,,,,,,,,,,,,0,0,0,0,0,0,
17,0,0,0,1,1,2016-10-08 01:19:44,2016-10-08 01:19:44,2016-10-08 01:19:45,2016-10-08 01:19:45,0,0,0,0,0,0,0,0,817,-1,817,-1,-1,-1,691,3,0,0,0,32,0,0,0,0,0,0,0,0,0,1,3,0,0,1,0,0,0,0,0,0,0,0,0,0,0,0,00041091211475885984,5231202,000021485,5231202,,,,5231202,2002430,,,,,,,,,,,,,,,,,491d373731303032343330303831303136303131393130313533333930313600,0,0,0,0,0,0,
18,8,0,0,16,32,2016-10-08 01:19:32,2016-10-08 01:19:32,2016-10-08 01:20:12,2016-10-08 01:20:12,16,0,0,0,0,0,0,0,556,643,1511,643,-1,-1,491,3,0,1,0,0,0,0,0,0,0,0,0,0,0,1,2,5,0,1,0,0,10,0,0,0,0,0,0,0,0,0,00014001421475885972,5161711,000008490,5132784,,1153400,,5132784,7835038692,,,,,,,,,5161711,,,,,,,,,0,2,10,0,0,0,
19,0,0,0,0,135,2016-10-08 01:17:51,2016-10-08 01:17:51,2016-10-08 01:20:15,2016-10-08 01:20:15,0,0,0,0,0,0,0,0,0,-1,0,-1,-1,-1,691,3,0,0,0,0,0,0,1,0,0,0,0,0,0,1,7,0,0,1,0,0,0,0,0,0,0,0,0,0,0,0,00016153161475885871,,000021424,,,,,,000021424,,,,,,,,,,,,,,,,,,0,0,0,0,0,0,
19,9,0,0,6,7,2016-10-08 01:17:44,2016-10-08 01:17:44,2016-10-08 01:20:15,2016-10-08 01:20:15,136,0,0,0,2,0,0,0,1550,140,1550,140,-1,-1,691,3,0,2,0,32,0,0,0,0,0,0,0,0,0,1,2,4,0,2,0,0,11,0,0,0,0,0,0,0,0,0,00042093671475885864,5131192,000022047,5131192,,1135267,,5131192,000022047,,,,,,,,,,,,,,,,,491d343131303031303839303831303136303131363138313532383130313600,0,2,11,0,0,0,
20,0,0,0,0,84,2016-10-08 01:18:28,2016-10-08 01:18:28,2016-10-08 01:20:41,2016-10-08 01:20:41,0,0,0,0,0,0,0,0,0,-1,0,-1,-1,-1,491,3,0,0,0,0,0,0,1,0,0,0,0,0,0,1,7,0,0,1,0,0,0,0,0,0,0,0,0,0,0,0,00014001241475885908,,000008397,,,,,,000008397,,,,,,,,,,,,,,,,,,0,0,0,0,0,0,
20,49,0,0,6,7,2016-10-08 01:18:21,2016-10-08 01:18:21,2016-10-08 01:20:41,2016-10-08 01:20:41,85,0,0,0,2,0,0,0,806,500,806,500,-1,-1,491,3,0,1,0,32,0,0,0,0,0,0,0,0,0,1,2,4,0,2,0,0,12,0,0,0,0,0,0,0,0,0,00041091071475885901,5181009,000008490,5181009,,1153440,,5181009,2002196,,,,,,,,,,,,,,,,,491d373631303032313936303831303136303131373136303030393830313400,0,2,12,0,0,0,
21,0,0,0,0,6,2016-10-08 01:20:52,2016-10-08 01:20:52,2016-10-08 01:20:58,2016-10-08 01:20:58,0,0,0,0,0,0,0,0,0,-1,0,-1,-1,-1,141,1,0,0,0,0,0,0,0,0,0,0,0,0,0,1,7,0,0,1,0,0,0,0,0,0,0,0,0,0,0,0,00016153621475886031,,000002170,,,,,,000002170,,,,,,,,,,,,,,,,,,0,0,0,0,0,0,
22,0,0,0,21,27,2016-10-08 01:20:31,2016-10-08 01:20:31,2016-10-08 01:20:58,2016-10-08 01:20:58,0,0,0,0,0,0,0,0,7991,-1,763,-1,-1,-1,691,3,0,0,0,0,0,0,0,0,0,0,0,0,0,1,4,0,0,1,0,0,0,0,0,0,0,0,0,0,0,0,00016153621475886031,5154510,000021485,5162977,,,,5162977,7842459242,5154510,,,,,,,,5154510,,,,,,,,,0,0,0,0,0,0,
23,79,0,0,29,208,2016-10-08 01:16:22,2016-10-08 01:16:22,2016-10-08 01:21:09,2016-10-08 01:21:09,179,0,0,0,0,0,0,0,3538,316,3532,316,-1,-1,491,3,0,3,0,0,0,0,0,0,0,0,0,0,1,1,2,4,0,1,0,0,8,0,0,0,0,0,0,0,0,0,00014000901475885782,5111320,000008459,5112216,,1144097,,5112216,7766078983,1,,,,,,,,5111320,,,,,,,,,0,2,8,0,0,0,
24,0,0,0,0,136,2016-10-08 01:18:50,2016-10-08 01:18:50,2016-10-08 01:21:16,2016-10-08 01:21:16,0,0,0,0,0,0,0,0,0,-1,0,-1,-1,-1,491,3,0,0,0,0,0,0,1,0,0,0,0,0,0,1,7,0,0,1,0,0,0,0,0,0,0,0,0,0,0,0,00014001291475885930,,000008428,,,,,,000008428,,,,,,,,,,,,,,,,,,0,0,0,0,0,0,
24,10,0,0,6,6,2016-10-08 01:18:44,2016-10-08 01:18:44,2016-10-08 01:21:16,2016-10-08 01:21:16,136,0,0,0,2,0,0,0,182,185,182,185,-1,-1,491,3,0,3,0,32,0,0,0,0,0,0,0,0,0,1,2,4,0,2,0,0,11,0,0,0,0,0,0,0,0,0,00042093771475885924,5131012,000008490,5131012,,1135353,,5131012,000008490,,,,,,,,,,,,,,,,,491d343131303031303930303831303136303131373332303031303230313400,0,2,11,0,0,0,
25,0,0,0,0,3,2016-10-08 01:21:17,2016-10-08 01:21:17,2016-10-08 01:21:20,2016-10-08 01:21:20,0,0,0,0,0,0,0,0,0,-1,0,-1,-1,-1,141,1,0,0,0,0,0,0,0,0,0,0,0,0,0,1,7,0,0,1,0,0,0,0,0,0,0,0,0,0,0,0,00014001661475886073,,000017355,,,,,,000017355,,,,,,,,,,,,,,,,,,0,0,0,0,0,0,
26,0,0,0,4,7,2016-10-08 01:21:13,2016-10-08 01:21:13,2016-10-08 01:21:20,2016-10-08 01:21:20,0,0,0,0,0,0,0,0,7991,-1,702,-1,-1,-1,491,3,0,0,0,0,0,0,0,0,0,0,0,0,0,1,4,0,0,1,0,0,0,0,0,0,0,0,0,0,0,0,00014001661475886073,5154840,000008397,5152310,,,,5152310,7491962150,5154840,,,,,,,,5154840,,,,,,,,,0,0,0,0,0,0,
27,0,0,0,0,168,2016-10-08 01:18:19,2016-10-08 01:18:19,2016-10-08 01:21:31,2016-10-08 01:21:31,0,0,0,0,0,0,0,0,0,-1,0,-1,-1,-1,691,3,0,0,0,0,0,0,1,0,0,0,0,0,0,1,7,0,0,1,0,0,0,0,0,0,0,0,0,0,0,0,00016153281475885899,,000022078,,,,,,000022078,,,,,,,,,,,,,,,,,,0,0,0,0,0,0,
27,24,0,0,6,7,2016-10-08 01:18:13,2016-10-08 01:18:13,2016-10-08 01:21:31,2016-10-08 01:21:31,168,0,0,0,2,0,0,0,181,184,181,184,-1,-1,691,3,0,3,0,32,0,0,0,0,0,0,0,0,0,1,2,4,0,2,0,0,14,0,0,0,0,0,0,0,0,0,00043032891475885893,5141012,000022017,5141012,,1154138,,5141012,2002644,,,,,,,,,,,,,,,,,491d353831303032363434303831303136303131373036313532393930313600,0,2,14,0,0,0,
28,1,0,0,6,231,2016-10-08 01:17:57,2016-10-08 01:17:57,2016-10-08 01:21:49,2016-10-08 01:21:49,225,0,0,0,2,0,0,0,0,183,180,183,-1,-1,0,0,0,3,0,0,0,0,0,0,0,0,0,0,1,1,2,4,0,1,0,0,12,0,0,0,0,0,0,0,0,0,00000000000000000000,5151019,,5151019,,1154236,,5151019,,,,,,,,,,,,,,,,,,,0,2,12,0,0,0,
28,0,0,0,0,0,2016-10-08 01:17:57,2016-10-08 01:17:57,2016-10-08 01:21:49,2016-10-08 01:21:49,0,0,0,0,0,0,0,0,0,-1,0,-1,-1,-1,683,2,0,0,0,0,0,0,0,0,0,0,0,1,0,1,7,0,0,2,0,0,0,0,0,0,0,0,0,0,0,0,00033058171475885877,,000015099,,,,,,000015099,,,,,,,,,,,,,,,,,,0,0,0,0,0,0,
28,0,0,0,0,6,2016-10-08 01:17:51,2016-10-08 01:17:51,2016-10-08 01:21:49,2016-10-08 01:21:49,0,0,0,0,0,0,0,0,180,-1,180,-1,-1,-1,691,3,0,0,0,32,0,0,0,0,0,0,0,0,0,1,7,0,0,3,0,0,0,0,0,0,0,0,0,0,0,0,00042093711475885871,5151019,000021455,5151019,,,,5151019,000021455,,,,,,,,,,,,,,,,,491d343831303032353433303831303136303131363338313532383930313600,0,0,0,0,0,0,
29,0,0,0,0,4,2016-10-08 01:20:49,2016-10-08 01:20:49,2016-10-08 01:22:20,2016-10-08 01:22:20,0,0,0,0,0,0,0,0,0,-1,0,-1,-1,-1,491,3,0,0,0,0,0,0,1,0,0,0,0,0,0,1,7,0,0,1,0,0,0,0,0,0,0,0,0,0,0,0,00014001571475886049,,000008397,,,,,,000008397,,,,,,,,,,,,,,,,,,0,0,0,0,0,0,
29,87,0,0,6,6,2016-10-08 01:20:43,2016-10-08 01:20:43,2016-10-08 01:22:20,2016-10-08 01:22:20,4,0,0,0,2,0,0,0,182,185,182,185,-1,-1,491,3,0,1,0,32,0,0,0,0,0,0,0,0,0,1,2,4,0,2,0,0,12,0,0,0,0,0,0,0,0,0,00043033021475886043,5131012,000008490,5131012,,1153400,,5131012,2002156,,,,,,,,,,,,,,,,,491d353531303032313536303831303136303131383035303031313830313400,0,2,12,0,0,0,
30,0,0,0,0,2,2016-10-08 01:22:53,2016-10-08 01:22:53,2016-10-08 01:22:55,2016-10-08 01:22:55,0,0,0,0,0,0,0,0,0,-1,0,-1,-1,-1,251,2,0,0,0,0,0,0,0,0,0,0,0,0,0,1,7,0,0,1,0,0,0,0,0,0,0,0,0,0,0,0,00016153861475886144,,000000202,,,,,,000000202,,,,,,,,,,,,,,,,,,0,0,0,0,0,0,
31,0,0,0,29,31,2016-10-08 01:22:24,2016-10-08 01:22:24,2016-10-08 01:22:55,2016-10-08 01:22:55,0,0,0,0,0,0,0,0,7991,-1,763,-1,-1,-1,691,3,0,0,0,0,0,0,0,0,0,0,0,0,0,1,4,0,0,1,0,0,0,0,0,0,0,0,0,0,0,0,00016153861475886144,5214713,000022078,5162977,,,,5162977,7985478777,5214713,,,,,,,,5214713,,,,,,,,,0,0,0,0,0,0,
32,0,0,0,0,143,2016-10-08 01:20:29,2016-10-08 01:20:29,2016-10-08 01:22:58,2016-10-08 01:22:58,0,0,0,0,0,0,0,0,0,-1,0,-1,-1,-1,691,3,0,0,0,0,0,0,1,0,0,0,0,0,0,1,7,0,0,1,0,0,0,0,0,0,0,0,0,0,0,0,00016153611475886029,,000021423,,,,,,000021423,,,,,,,,,,,,,,,,,,0,0,0,0,0,0,
32,6,0,0,6,6,2016-10-08 01:20:23,2016-10-08 01:20:23,2016-10-08 01:22:58,2016-10-08 01:22:58,143,0,0,0,2,0,0,0,1550,141,1550,141,-1,-1,691,3,0,3,0,32,0,0,0,0,0,0,0,0,0,1,2,4,0,2,0,0,11,0,0,0,0,0,0,0,0,0,00041091291475886023,5161882,000021485,5161882,,1135229,,5161882,2001179,,,,,,,,,,,,,,,,,491d373131303031313739303831303136303131373330313533303930313600,0,2,11,0,0,0,
33,4,0,0,26,231,2016-10-08 01:19:04,2016-10-08 01:19:04,2016-10-08 01:22:59,2016-10-08 01:22:59,205,0,0,0,2,0,0,0,539,640,556,640,-1,-1,0,0,0,2,0,0,0,0,0,0,0,0,0,0,1,1,2,5,0,1,0,0,10,0,0,0,0,0,0,0,0,0,00000000000000000000,5161009,,5161009,,1135235,,5161009,,,,,,,,,,,,,,,,,,,0,2,10,0,0,0,
33,0,0,0,0,0,2016-10-08 01:19:04,2016-10-08 01:19:04,2016-10-08 01:22:59,2016-10-08 01:22:59,0,0,0,0,0,0,0,0,0,-1,0,-1,-1,-1,483,2,0,0,0,0,0,0,0,0,0,0,0,1,0,1,7,0,0,2,0,0,0,0,0,0,0,0,0,0,0,0,00033058501475885944,,000004437,,,,,,000004437,,,,,,,,,,,,,,,,,,0,0,0,0,0,0,
33,0,0,0,0,6,2016-10-08 01:18:58,2016-10-08 01:18:58,2016-10-08 01:22:59,2016-10-08 01:22:59,0,0,0,0,0,0,0,0,556,-1,556,-1,-1,-1,491,3,0,0,0,32,0,0,0,0,0,0,0,0,0,1,7,0,0,3,0,0,0,0,0,0,0,0,0,0,0,0,00042093811475885938,5161009,000008304,5161009,,,,5161009,000008304,,,,,,,,,,,,,,,,,491d343731303032343032303831303136303131373438303031313030313400,0,0,0,0,0,0,
34,0,0,0,5,7,2016-10-08 01:22:59,2016-10-08 01:22:59,2016-10-08 01:23:06,2016-10-08 01:23:06,0,0,0,0,0,0,0,0,1511,-1,1511,-1,-1,-1,691,3,0,0,0,0,0,0,0,0,0,0,0,0,0,1,4,0,0,1,0,0,0,0,0,0,0,0,0,0,0,0,00016153961475886179,5132784,000022078,5132784,,,,5132784,7497899285,3,,,,,,,,,,,,,,,,,0,0,0,0,0,0,
35,0,0,0,0,2,2016-10-08 01:23:04,2016-10-08 01:23:04,2016-10-08 01:23:06,2016-10-08 01:23:06,0,0,0,0,0,0,0,0,0,-1,0,-1,-1,-1,683,2,0,0,0,0,0,0,0,0,0,0,0,0,0,1,7,0,0,1,0,0,0,0,0,0,0,0,0,0,0,0,00016153961475886179,,000015109,,,,,,000015109,,,,,,,,,,,,,,,,,,0,0,0,0,0,0,
36,0,0,0,0,117,2016-10-08 01:20:54,2016-10-08 01:20:54,2016-10-08 01:23:09,2016-10-08 01:23:09,0,0,0,0,0,0,0,0,0,-1,0,-1,-1,-1,491,3,0,0,0,0,0,0,1,0,0,0,0,0,0,1,7,0,0,1,0,0,0,0,0,0,0,0,0,0,0,0,00014001601475886054,,000008490,,,,,,000008490,,,,,,,,,,,,,,,,,,0,0,0,0,0,0,
36,18,0,0,5,5,2016-10-08 01:20:49,2016-10-08 01:20:49,2016-10-08 01:23:09,2016-10-08 01:23:09,117,0,0,0,2,0,0,0,1561,141,1561,141,-1,-1,491,3,0,2,0,32,0,0,0,0,0,0,0,0,0,1,2,4,0,2,0,0,12,0,0,0,0,0,0,0,0,0,00043033041475886049,5131172,000008459,5131172,,1154544,,5131172,2001221,,,,,,,,,,,,,,,,,491d353231303031323231303831303136303131373537303031313330313400,0,2,12,0,0,0,
37,0,0,0,2,2,2016-10-08 01:23:08,2016-10-08 01:23:08,2016-10-08 01:23:10,2016-10-08 01:23:10,0,0,0,0,0,0,0,0,817,-1,817,-1,-1,-1,491,3,0,0,0,32,0,0,0,0,0,0,0,0,0,1,3,0,0,1,0,0,0,0,0,0,0,0,0,0,0,0,00041091571475886188,5231202,000008490,5231202,,,,5231202,2002432,,,,,,,,,,,,,,,,,491d373731303032343332303831303136303132313133303031363630313400,0,0,0,0,0,0,
38,0,0,0,0,261,2016-10-08 01:18:14,2016-10-08 01:18:14,2016-10-08 01:23:11,2016-10-08 01:23:11,0,0,0,0,0,0,0,0,0,-1,0,-1,-1,-1,483,2,0,0,0,0,0,0,1,0,0,0,0,0,0,1,7,0,0,1,0,0,0,0,0,0,0,0,0,0,0,0,00033058291475885894,,000004435,,,,,,000004435,,,,,,,,,,,,,,,,,,0,0,0,0,0,0,
38,36,0,0,6,11,2016-10-08 01:18:03,2016-10-08 01:18:03,2016-10-08 01:23:11,2016-10-08 01:23:11,266,0,0,0,2,0,0,0,1550,140,1550,140,-1,-1,491,3,0,2,0,32,0,0,0,0,0,0,0,0,0,1,2,4,0,2,0,0,11,0,0,0,0,0,0,0,0,0,00043032861475885883,5131042,000008490,5131042,,1135234,,5131042,2001219,,,,,,,,,,,,,,,,,491d353231303031323139303831303136303131353535303030383030313400,0,2,11,0,0,0,
39,0,0,0,10,10,2016-10-08 01:23:03,2016-10-08 01:23:03,2016-10-08 01:23:13,2016-10-08 01:23:13,0,0,0,0,0,0,0,0,1511,-1,1511,-1,-1,-1,691,3,0,0,0,0,0,0,0,0,0,0,0,0,0,1,3,0,0,1,0,0,0,0,0,0,0,0,0,0,0,0,00016153981475886183,5132784,000021423,5132784,,,,5132784,7711884113,,,,,,,,,,,,,,,,,,0,0,0,0,0,0,
40,7,0,0,8,250,2016-10-08 01:19:00,2016-10-08 01:19:00,2016-10-08 01:23:17,2016-10-08 01:23:17,242,0,0,0,2,0,0,0,1550,140,1895,140,-1,-1,0,0,0,1,0,0,0,0,0,0,0,0,0,0,0,1,2,4,0,1,0,0,11,0,0,0,0,0,0,0,0,0,00000000000000000000,5131199,,5131199,,1135256,,5131199,,,,,,,,,,,,,,,,,,,0,2,11,0,0,0,
40,0,0,0,0,0,2016-10-08 01:19:00,2016-10-08 01:19:00,2016-10-08 01:23:17,2016-10-08 01:23:17,0,0,0,0,0,0,0,0,0,-1,0,-1,-1,-1,483,2,0,0,0,0,0,0,0,0,0,0,0,1,0,1,7,0,0,2,0,0,0,0,0,0,0,0,0,0,0,0,00033058481475885940,,000004436,,,,,,000004436,,,,,,,,,,,,,,,,,,0,0,0,0,0,0,
40,0,0,0,0,5,2016-10-08 01:18:55,2016-10-08 01:18:55,2016-10-08 01:23:17,2016-10-08 01:23:17,0,0,0,0,0,0,0,0,1895,-1,1895,-1,-1,-1,491,3,0,0,0,32,0,0,0,0,0,0,0,0,0,1,7,0,0,3,0,0,0,0,0,0,0,0,0,0,0,0,00042093801475885935,5131199,000008490,5131199,,,,5131199,000008490,,,,,,,,,,,,,,,,,491d343431303031373137303831303136303131373230303031303030313400,0,0,0,0,0,0,
41,0,0,0,0,6,2016-10-08 01:23:12,2016-10-08 01:23:12,2016-10-08 01:23:18,2016-10-08 01:23:18,0,0,0,0,0,0,0,0,0,-1,0,-1,-1,-1,251,2,0,0,0,0,0,0,0,0,0,0,0,0,0,1,7,0,0,1,0,0,0,0,0,0,0,0,0,0,0,0,00016153921475886166,,000000203,,,,,,000000203,,,,,,,,,,,,,,,,,,0,0,0,0,0,0,
42,0,0,0,26,32,2016-10-08 01:22:46,2016-10-08 01:22:46,2016-10-08 01:23:18,2016-10-08 01:23:18,0,0,0,0,0,0,0,0,7991,-1,763,-1,-1,-1,691,3,0,0,0,0,0,0,0,0,0,0,0,0,0,1,4,0,0,1,0,0,0,0,0,0,0,0,0,0,0,0,00016153921475886166,5154510,000021485,5162977,,,,5162977,7835295388,5154510,,,,,,,,5154510,,,,,,,,,0,0,0,0,0,0,
43,8,0,0,3,154,2016-10-08 01:21:14,2016-10-08 01:21:14,2016-10-08 01:23:56,2016-10-08 01:23:56,151,0,0,1,2,0,0,0,0,175,1040,175,140,-1,0,0,0,3,0,0,0,0,0,0,0,0,0,0,1,1,2,4,0,1,0,0,13,0,0,0,0,0,0,0,0,0,00000000000000000000,5131452,,5131452,,1144097,,5131452,,,,,,,,,,,,,,,,,,,0,1,13,0,0,0,
43,0,0,0,0,0,2016-10-08 01:21:14,2016-10-08 01:21:14,2016-10-08 01:23:56,2016-10-08 01:23:56,0,0,0,0,0,0,0,0,0,-1,0,-1,-1,-1,483,2,0,0,0,0,0,0,0,0,0,0,0,1,0,1,7,0,0,2,0,0,0,0,0,0,0,0,0,0,0,0,00033059031475886074,,000004440,,,,,,000004440,,,,,,,,,,,,,,,,,,0,0,0,0,0,0,
43,0,0,0,0,12,2016-10-08 01:21:02,2016-10-08 01:21:02,2016-10-08 01:23:56,2016-10-08 01:23:56,0,0,0,8,0,0,0,0,595,175,595,175,140,-1,491,3,0,0,0,32,0,0,0,0,0,0,0,0,0,1,7,4,0,3,0,0,0,0,0,0,0,0,0,0,0,0,00041091371475886062,5131452,000008459,5131452,,,,5131452,2001254,,,,,,,,,,,,,,,,,491d373231303031323534303831303136303131383332303031323630313400,0,0,0,0,0,0,
44,0,0,0,13,13,2016-10-08 01:23:45,2016-10-08 01:23:45,2016-10-08 01:23:58,2016-10-08 01:23:58,0,0,0,0,0,0,0,0,0,-1,1545,-1,-1,-1,0,0,0,0,0,0,0,0,0,0,0,0,0,0,0,1,6,0,0,1,0,0,0,0,0,0,0,0,0,0,0,0,00000000000000000000,5202102,,5202102,,,,5202102,,,,,,,,,,,,,,,,,,,0,0,0,0,0,0,
44,0,0,0,0,0,2016-10-08 01:23:45,2016-10-08 01:23:45,2016-10-08 01:23:58,2016-10-08 01:23:58,0,0,0,0,0,0,0,0,0,-1,0,-1,-1,-1,483,2,0,0,0,0,0,0,0,0,0,0,0,1,0,1,7,0,0,2,0,0,0,0,0,0,0,0,0,0,0,0,00033059481475886225,,000004444,,,,,,000004444,,,,,,,,,,,,,,,,,,0,0,0,0,0,0,
44,0,0,0,0,3,2016-10-08 01:23:42,2016-10-08 01:23:42,2016-10-08 01:23:58,2016-10-08 01:23:58,0,0,0,0,0,0,0,0,1545,-1,1545,-1,-1,-1,491,3,0,0,0,32,0,0,0,0,0,0,0,0,0,1,7,0,0,3,0,0,0,0,0,0,0,0,0,0,0,0,00043033251475886222,5202102,000008490,5202102,,,,5202102,2002648,,,,,,,,,,,,,,,,,491d353831303032363438303831303136303132323131303031373530313400,0,0,0,0,0,0,
45,0,0,0,0,38,2016-10-08 01:23:31,2016-10-08 01:23:31,2016-10-08 01:24:14,2016-10-08 01:24:14,0,0,0,0,0,0,0,0,0,-1,0,-1,-1,-1,491,3,0,0,0,0,0,0,1,0,0,0,0,0,0,1,7,0,0,1,0,0,0,0,0,0,0,0,0,0,0,0,00014001951475886211,,000008366,,,,,,000008366,,,,,,,,,,,,,,,,,,0,0,0,0,0,0,
45,5,0,0,12,12,2016-10-08 01:23:19,2016-10-08 01:23:19,2016-10-08 01:24:14,2016-10-08 01:24:14,38,0,0,0,2,0,0,0,180,183,180,183,-1,-1,491,3,0,2,0,32,0,0,0,0,0,0,0,0,0,1,2,4,0,2,0,0,12,0,0,0,0,0,0,0,0,0,00043033221475886199,5151019,000008490,5151019,,1154544,,5151019,2002213,,,,,,,,,,,,,,,,,491d353631303032323133303831303136303132313537303031373430313400,0,2,12,0,0,0,
46,0,0,0,19,19,2016-10-08 01:24:32,2016-10-08 01:24:32,2016-10-08 01:24:51,2016-10-08 01:24:51,0,0,0,0,0,0,0,0,2000,-1,2000,-1,-1,-1,191,3,0,0,0,0,0,0,0,0,0,0,0,0,0,1,3,0,0,1,0,0,0,0,0,0,0,0,0,0,0,0,00011000801475886272,5073310,000011418,5073310,,,,5073310,7557029654,,,,,,,,,,,,,,,,,,0,0,0,0,0,0,
47,0,0,0,0,279,2016-10-08 01:19:26,2016-10-08 01:19:26,2016-10-08 01:24:55,2016-10-08 01:24:55,0,0,0,0,0,0,0,0,0,-1,0,-1,-1,-1,483,2,0,0,0,0,0,0,1,0,0,0,0,0,0,1,7,0,0,1,0,0,0,0,0,0,0,0,0,0,0,0,00033058581475885966,,000004438,,,,,,000004438,,,,,,,,,,,,,,,,,,0,0,0,0,0,0,
47,50,0,0,4,5,2016-10-08 01:19:21,2016-10-08 01:19:21,2016-10-08 01:24:55,2016-10-08 01:24:55,280,0,0,0,0,0,0,0,817,300,817,300,-1,-1,491,3,0,1,0,32,0,0,0,0,0,0,0,0,0,1,2,4,0,2,0,0,12,0,0,0,0,0,0,0,0,0,00041091171475885961,5231202,000008490,5231202,,1154428,,5231202,2001676,,,,,,,,,,,,,,,,,491d373431303031363736303831303136303131383035303031313730313400,0,2,12,0,0,0,
48,0,0,0,0,95,2016-10-08 01:23:16,2016-10-08 01:23:16,2016-10-08 01:25:00,2016-10-08 01:25:00,0,0,0,0,0,0,0,0,0,-1,0,-1,-1,-1,683,2,0,0,0,0,0,0,1,0,0,0,0,0,0,1,7,0,0,1,0,0,0,0,0,0,0,0,0,0,0,0,00033059341475886196,,000015110,,,,,,000015110,,,,,,,,,,,,,,,,,,0,0,0,0,0,0,
48,9,0,0,4,8,2016-10-08 01:23:09,2016-10-08 01:23:09,2016-10-08 01:25:00,2016-10-08 01:25:00,98,0,0,0,0,0,0,0,817,301,817,301,-1,-1,691,3,0,1,0,32,0,0,0,0,0,0,0,0,0,1,2,4,0,2,0,0,12,0,0,0,0,0,0,0,0,0,00042094051475886189,5231882,000022078,5231882,,1153009,,5231882,000022078,,,,,,,,,,,,,,,,,491d343531303032303739303831303136303132323031313533383030313600,0,2,12,0,0,0,
49,2,0,0,2,50,2016-10-08 01:24:43,2016-10-08 01:24:43,2016-10-08 01:25:35,2016-10-08 01:25:35,48,0,0,0,2,0,0,0,1550,140,1049,441,140,-1,0,0,0,3,0,0,0,0,0,0,0,0,0,0,1,1,2,4,0,1,0,0,12,0,0,0,0,0,0,0,0,0,00000000000000000000,5131029,,5131029,,1154236,,5131029,,,,,,,,,,,,,,,,,,,0,2,12,0,0,0,
49,0,0,0,0,0,2016-10-08 01:24:43,2016-10-08 01:24:43,2016-10-08 01:25:35,2016-10-08 01:25:35,0,0,0,0,0,0,0,0,0,-1,0,-1,-1,-1,683,2,0,0,0,0,0,0,0,0,0,0,0,1,0,1,7,0,0,2,0,0,0,0,0,0,0,0,0,0,0,0,00033059721475886283,,000015114,,,,,,000015114,,,,,,,,,,,,,,,,,,0,0,0,0,0,0,
49,0,0,0,0,5,2016-10-08 01:24:38,2016-10-08 01:24:38,2016-10-08 01:25:35,2016-10-08 01:25:35,0,0,0,0,0,0,0,0,1550,-1,1550,-1,-1,-1,691,3,0,0,0,32,0,0,0,0,0,0,0,0,0,1,7,0,0,3,0,0,0,0,0,0,0,0,0,0,0,0,00043033341475886278,5131029,000022048,5131029,,,,5131029,2002214,,,,,,,,,,,,,,,,,491d353631303032323134303831303136303132323539313533393730313600,0,0,0,0,0,0,
50,0,0,0,0,306,2016-10-08 01:20:45,2016-10-08 01:20:45,2016-10-08 01:25:56,2016-10-08 01:25:56,0,0,0,0,0,0,0,0,0,-1,0,-1,-1,-1,683,2,0,0,0,0,0,0,1,0,0,0,0,0,0,1,7,0,0,1,0,0,0,0,0,0,0,0,0,0,0,0,00033058811475886045,,000015105,,,,,,000015105,,,,,,,,,,,,,,,,,,0,0,0,0,0,0,
50,5,0,0,5,9,2016-10-08 01:20:36,2016-10-08 01:20:36,2016-10-08 01:25:56,2016-10-08 01:25:56,310,0,0,0,2,0,0,0,182,185,182,185,-1,-1,691,3,0,2,0,32,0,0,0,0,0,0,0,0,0,1,2,4,0,2,0,0,11,0,0,0,0,0,0,0,0,0,00042093891475886035,5131012,000021392,5131012,,1135267,,5131012,000021392,,,,,,,,,,,,,,,,,491d343631303032323130303831303136303131393030313533333830313600,0,2,11,0,0,0,
51,4,0,101,3,101,2016-10-08 01:24:12,2016-10-08 01:24:12,2016-10-08 01:25:57,2016-10-08 01:25:57,98,0,0,0,1,0,0,0,820,601,1900,601,-1,-1,0,0,1,2,0,0,0,0,0,0,0,0,0,0,1,1,2,5,0,1,0,0,4,0,0,0,0,0,0,0,0,0,00033059551475886248,5181000,,5176961,1154272,1154544,,5176961,1154272,,,,,,,,,5181000,,,,,,,,,0,2,4,0,0,0,
52,2,0,0,1,34,2016-10-08 01:25:22,2016-10-08 01:25:22,2016-10-08 01:25:58,2016-10-08 01:25:58,33,0,0,0,0,0,0,0,1371,540,1554,540,-1,-1,0,0,0,3,0,0,0,0,0,0,0,0,0,0,1,1,2,4,0,1,0,0,12,0,0,0,0,0,0,0,0,0,00000000000000000000,5131869,,5131869,,1154788,,5131869,,,,,,,,,,,,,,,,,,,0,2,12,0,0,0,
52,0,0,0,0,0,2016-10-08 01:25:22,2016-10-08 01:25:22,2016-10-08 01:25:58,2016-10-08 01:25:58,0,0,0,0,0,0,0,0,0,-1,0,-1,-1,-1,483,2,0,0,0,0,0,0,0,0,0,0,0,1,0,1,7,0,0,2,0,0,0,0,0,0,0,0,0,0,0,0,00033059861475886322,,000004446,,,,,,000004446,,,,,,,,,,,,,,,,,,0,0,0,0,0,0,
52,0,0,0,0,4,2016-10-08 01:25:18,2016-10-08 01:25:18,2016-10-08 01:25:58,2016-10-08 01:25:58,0,0,0,0,0,0,0,0,1554,-1,1554,-1,-1,-1,491,3,0,0,0,32,0,0,0,0,0,0,0,0,0,1,7,0,0,3,0,0,0,0,0,0,0,0,0,0,0,0,00042094261475886318,5131869,000008366,5131869,,,,5131869,000008366,,,,,,,,,,,,,,,,,491d343131303031303934303831303136303132333037303031383830313400,0,0,0,0,0,0,
53,0,0,0,0,0,2016-10-08 01:26:09,2016-10-08 01:26:09,2016-10-08 01:26:09,2016-10-08 01:26:09,0,0,0,0,0,0,0,0,0,-1,0,-1,-1,-1,483,2,0,0,0,0,0,0,0,0,0,0,0,0,0,1,7,0,0,1,0,0,0,0,0,0,0,0,0,0,0,0,00033059991475886369,,000004448,,,,,,000004448,,,,,,,,,,,,,,,,,,0,0,0,0,0,0,
54,0,0,0,0,226,2016-10-08 01:22:21,2016-10-08 01:22:21,2016-10-08 01:26:14,2016-10-08 01:26:14,0,0,0,0,0,0,0,0,0,-1,0,-1,-1,-1,691,3,0,0,0,0,0,0,1,0,0,0,0,0,0,1,7,0,0,1,0,0,0,0,0,0,0,0,0,0,0,0,00016153841475886141,,000021454,,,,,,000021454,,,,,,,,,,,,,,,,,,0,0,0,0,0,0,
54,7,0,0,6,11,2016-10-08 01:22:10,2016-10-08 01:22:10,2016-10-08 01:26:14,2016-10-08 01:26:14,231,0,0,0,2,0,0,0,1550,141,1550,141,-1,-1,691,3,0,3,0,32,0,0,0,0,0,0,0,0,0,1,2,4,0,2,0,0,11,0,0,0,0,0,0,0,0,0,00041091431475886130,5161889,000022078,5161889,,1135353,,5161889,2001001,,,,,,,,,,,,,,,,,491d373131303031303031303831303136303132303239313533363030313600,0,2,11,0,0,0,
55,7,105,0,10,325,2016-10-08 01:20:50,2016-10-08 01:20:50,2016-10-08 01:26:22,2016-10-08 01:26:22,210,0,0,2,2,0,0,0,1301,100,1897,100,109,-1,0,0,0,1,0,0,0,0,0,0,0,0,0,0,0,1,2,4,1,1,0,0,12,0,0,0,0,0,0,0,0,0,00000000000000000000,5151199,,5151199,,1154272,,5151199,,,,,,,,,,,,,,,,,,,0,1,12,0,0,0,
55,0,0,0,0,0,2016-10-08 01:20:50,2016-10-08 01:20:50,2016-10-08 01:26:22,2016-10-08 01:26:22,0,0,0,0,0,0,0,0,0,-1,0,-1,-1,-1,683,2,0,0,0,0,0,0,0,0,0,0,0,1,0,1,7,0,0,2,0,0,0,0,0,0,0,0,0,0,0,0,00033058871475886050,,000015106,,,,,,000015106,,,,,,,,,,,,,,,,,,0,0,0,0,0,0,
55,0,0,0,0,5,2016-10-08 01:20:45,2016-10-08 01:20:45,2016-10-08 01:26:22,2016-10-08 01:26:22,0,0,0,0,0,0,0,0,1897,-1,1897,-1,-1,-1,691,3,0,0,0,32,0,0,0,0,0,0,0,0,0,1,7,0,0,3,0,0,0,0,0,0,0,0,0,0,0,0,00043033031475886045,5151199,000021392,5151199,,,,5151199,2001029,,,,,,,,,,,,,,,,,491d353131303031303239303831303136303131393231313533343230313600,0,0,0,0,0,0,
56,0,0,0,0,472,2016-10-08 01:18:21,2016-10-08 01:18:21,2016-10-08 01:26:23,2016-10-08 01:26:23,0,0,0,0,0,0,0,0,0,-1,0,-1,-1,-1,683,2,0,0,0,0,0,0,1,0,0,0,0,0,0,1,7,0,0,1,0,0,0,0,0,0,0,0,0,0,0,0,00033058361475885901,,000015102,,,,,,000015102,,,,,,,,,,,,,,,,,,0,0,0,0,0,0,
56,0,0,0,0,112,2016-10-08 01:16:30,2016-10-08 01:16:30,2016-10-08 01:26:23,2016-10-08 01:26:23,0,0,0,0,0,0,0,0,0,-1,0,-1,-1,-1,691,3,0,0,0,0,0,0,1,0,0,0,0,1,0,1,7,0,0,2,0,0,0,0,0,0,0,0,0,0,0,0,00016152861475885790,,000022048,,,,,,000022048,,,,,,,,,,,,,,,,,,0,0,0,0,0,0,
56,9,2,0,6,6,2016-10-08 01:16:24,2016-10-08 01:16:24,2016-10-08 01:26:23,2016-10-08 01:26:23,99,0,0,0,2,0,0,0,180,183,180,183,-1,-1,691,3,0,1,0,32,0,0,0,0,0,0,0,0,0,1,2,4,1,3,0,0,11,0,0,0,0,0,0,0,0,0,00041090851475885784,5151012,000021361,5151012,,1154137,,5151012,2002650,,,,,,,,,,,,,,,,,491d373831303032363530303831303136303131333337313532343730313600,0,2,11,0,0,0,
56,10,0,1,1,12,2016-10-08 01:18:10,2016-10-08 01:18:10,2016-10-08 01:26:23,2016-10-08 01:26:23,482,0,0,0,0,0,0,0,827,301,1900,301,-1,-1,0,0,1,3,0,32,0,0,0,0,0,0,0,0,0,1,2,5,0,4,0,0,12,0,0,0,0,0,0,0,0,0,00033058261475885890,5151340,,5176723,1154137,1135782,,5176723,1154137,,,,,,,,,5151340,,,,,,,,541d373831303032363530303831303136303131333337313532343730313600,0,2,12,0,0,0,
57,0,0,0,533,533,2016-10-08 01:17:45,2016-10-08 01:17:45,2016-10-08 01:26:38,2016-10-08 01:26:38,0,0,0,533,0,0,0,0,3595,3314,3658,3314,-1,-1,0,0,0,0,0,0,0,0,0,0,0,0,0,0,0,1,3,4,0,1,0,0,0,0,0,0,0,0,0,0,0,0,00000000000000000000,5111403,,5111403,,,,5111403,,,,,,,,,,,,,,,,,,,0,0,0,0,0,0,
57,0,0,0,0,0,2016-10-08 01:17:45,2016-10-08 01:17:45,2016-10-08 01:26:38,2016-10-08 01:26:38,0,0,0,0,0,0,0,0,0,-1,0,-1,-1,-1,483,2,0,0,0,0,0,0,0,0,0,0,0,1,0,1,7,0,0,2,0,0,0,0,0,0,0,0,0,0,0,0,00033058081475885865,,000004434,,,,,,000004434,,,,,,,,,,,,,,,,,,0,0,0,0,0,0,
57,0,0,0,0,1,2016-10-08 01:17:44,2016-10-08 01:17:44,2016-10-08 01:26:38,2016-10-08 01:26:38,0,0,0,0,0,0,0,0,3595,3314,3595,3314,-1,-1,491,3,0,0,0,32,0,0,0,0,0,0,0,0,0,1,7,4,0,3,0,0,0,0,0,0,0,0,0,0,0,0,00041091001475885864,5111403,000008490,5111403,,,,5111403,2001178,,,,,,,,,,,,,,,,,491d373131303031313738303831303136303131363331303030393230313400,0,0,0,0,0,0,
58,0,0,0,0,605,2016-10-08 01:16:33,2016-10-08 01:16:33,2016-10-08 01:26:45,2016-10-08 01:26:45,0,0,0,0,0,0,0,0,0,-1,0,-1,-1,-1,691,3,0,0,0,0,0,0,1,0,0,0,0,0,0,1,7,0,0,1,0,0,0,0,0,0,0,0,0,0,0,0,00016152871475885793,,000021361,,,,,,000021361,,,,,,,,,,,,,,,,,,0,0,0,0,0,0,
58,7,0,0,6,9,2016-10-08 01:16:24,2016-10-08 01:16:24,2016-10-08 01:26:45,2016-10-08 01:26:45,608,0,0,0,2,0,0,0,1800,100,1800,100,-1,-1,691,3,0,3,0,32,0,0,0,0,0,0,0,0,0,1,2,4,0,2,0,0,11,0,0,0,0,0,0,0,0,0,00042093531475885784,5151049,000022079,5151049,,1154207,,5151049,000022079,,,,,,,,,,,,,,,,,491d343631303032323036303831303136303131343337313532353630313600,0,2,11,0,0,0,
59,6,9,0,3,128,2016-10-08 01:24:28,2016-10-08 01:24:28,2016-10-08 01:26:45,2016-10-08 01:26:45,116,0,0,0,2,0,0,0,1550,140,1895,140,-1,-1,0,0,0,3,0,0,0,0,0,0,0,0,0,1,1,1,2,4,1,1,0,0,11,0,0,0,0,0,0,0,0,0,00000000000000000000,5131199,,5131199,,1135780,,5131199,,,,,,,,,,,,,,,,,,,0,2,11,0,0,0,
59,0,0,0,0,0,2016-10-08 01:24:28,2016-10-08 01:24:28,2016-10-08 01:26:45,2016-10-08 01:26:45,0,0,0,0,0,0,0,0,0,-1,0,-1,-1,-1,483,2,0,0,0,0,0,0,0,0,0,0,0,1,0,1,7,0,0,2,0,0,0,0,0,0,0,0,0,0,0,0,00033059601475886268,,000004445,,,,,,000004445,,,,,,,,,,,,,,,,,,0,0,0,0,0,0,
59,0,0,0,0,9,2016-10-08 01:24:19,2016-10-08 01:24:19,2016-10-08 01:26:45,2016-10-08 01:26:45,0,0,0,0,0,0,0,0,1895,-1,1895,-1,-1,-1,491,3,0,0,0,32,0,0,0,0,0,0,0,0,0,1,7,0,0,3,0,0,0,0,0,0,0,0,0,0,0,0,00041091671475886259,5131199,000008397,5131199,,,,5131199,2001679,,,,,,,,,,,,,,,,,491d373431303031363739303831303136303132323335303031373830313400,0,0,0,0,0,0,
59,6,0,4,7,7,2016-10-08 01:26:32,2016-10-08 01:26:32,2016-10-08 01:26:45,2016-10-08 01:26:45,0,0,0,0,3,0,0,0,557,644,1900,644,-1,-1,0,0,3,2,0,32,0,0,0,0,0,0,0,0,0,1,2,5,0,4,0,0,4,0,0,0,0,0,0,0,0,0,00033060051475886387,5161000,,5176023,1135780,1154544,,5176023,1135780,,,,,,,,,5161000,,,,,,,,491d373431303031363739303831303136303132323335303031373830313400,0,2,4,0,0,0,
60,0,0,0,0,541,2016-10-08 01:18:00,2016-10-08 01:18:00,2016-10-08 01:27:12,2016-10-08 01:27:12,0,0,0,0,0,0,0,0,0,-1,0,-1,-1,-1,683,2,0,0,0,0,0,0,1,0,0,0,0,1,0,1,7,0,0,1,0,0,0,0,0,0,0,0,0,0,0,0,00033058191475885880,,000015100,,,,,,000015100,,,,,,,,,,,,,,,,,,0,0,0,0,0,0,
60,10,31,0,4,11,2016-10-08 01:17:49,2016-10-08 01:17:49,2016-10-08 01:27:12,2016-10-08 01:27:12,147,0,0,0,0,0,0,0,817,300,817,300,-1,-1,691,3,0,1,0,32,0,0,0,0,0,0,0,0,0,1,2,4,1,2,0,0,12,0,0,0,0,0,0,0,0,0,00043032811475885869,5231982,000021486,5231982,,1135607,,5231982,2001388,,,,,,,,,,,,,,,,,491d353331303031333838303831303136303131353033313532363230313600,0,2,12,0,0,0,
60,11,0,5,7,375,2016-10-08 01:20:46,2016-10-08 01:20:46,2016-10-08 01:27:12,2016-10-08 01:27:12,368,0,0,0,2,0,0,0,186,186,1900,186,-1,-1,0,0,1,3,0,32,0,0,0,0,0,0,0,0,0,1,2,4,0,3,0,0,14,0,0,0,0,0,0,0,0,0,00033058831475886046,5231140,,5176316,1135607,1112131,,5176316,1135607,,,,,,,,,5231140,,,,,,,,541d353331303031333838303831303136303131353033313532363230313600,0,2,14,0,0,0,
61,0,0,0,0,167,2016-10-08 01:24:49,2016-10-08 01:24:49,2016-10-08 01:27:36,2016-10-08 01:27:36,0,0,0,0,0,0,0,0,0,-1,0,-1,-1,-1,691,3,0,0,0,0,0,0,1,0,0,0,0,0,0,1,7,0,0,1,0,0,0,0,0,0,0,0,0,0,0,0,00016000131475886289,,000022078,,,,,,000022078,,,,,,,,,,,,,,,,,,0,0,0,0,0,0,
61,0,0,0,5,5,2016-10-08 01:24:44,2016-10-08 01:24:44,2016-10-08 01:27:36,2016-10-08 01:27:36,167,0,0,0,2,0,0,0,1806,500,1806,500,-1,-1,691,3,0,1,0,32,0,0,0,0,0,0,0,0,0,1,2,4,0,2,0,0,12,0,0,0,0,0,0,0,0,0,00042094251475886283,5151919,000021423,5151919,,1153440,,5151919,000021423,,,,,,,,,,,,,,,,,491d343631303032323134303831303136303132333538313534323030313600,0,2,12,0,0,0,
62,131,0,0,31,38,2016-10-08 01:24:50,2016-10-08 01:24:50,2016-10-08 01:27:39,2016-10-08 01:27:39,7,0,0,0,0,0,0,0,3538,356,3532,356,-1,-1,491,3,0,1,0,0,0,0,0,0,0,0,0,0,0,1,2,4,0,1,0,0,8,0,0,0,0,0,0,0,0,0,00014002171475886290,5110316,000008397,5112216,,1154428,,5112216,7720752231,1,,,,,,,,5110316,,,,,,,,,0,2,8,0,0,0,
63,0,0,0,6,6,2016-10-08 01:27:46,2016-10-08 01:27:46,2016-10-08 01:27:52,2016-10-08 01:27:52,0,0,0,0,2,0,0,0,1550,140,1895,140,-1,-1,0,0,0,1,0,0,0,0,0,0,0,0,0,0,0,1,3,4,0,1,0,0,14,0,0,0,0,0,0,0,0,0,00000000000000000000,5131199,,5131199,,1154428,,5131199,,,,,,,,,,,,,,,,,,,0,2,14,0,0,0,
63,0,0,0,0,0,2016-10-08 01:27:46,2016-10-08 01:27:46,2016-10-08 01:27:52,2016-10-08 01:27:52,0,0,0,0,0,0,0,0,0,-1,0,-1,-1,-1,483,2,0,0,0,0,0,0,0,0,0,0,0,1,0,1,7,0,0,2,0,0,0,0,0,0,0,0,0,0,0,0,00033060341475886466,,000004450,,,,,,000004450,,,,,,,,,,,,,,,,,,0,0,0,0,0,0,
63,0,0,0,0,6,2016-10-08 01:27:40,2016-10-08 01:27:40,2016-10-08 01:27:52,2016-10-08 01:27:52,0,0,0,0,0,0,0,0,1895,-1,1895,-1,-1,-1,491,3,0,0,0,32,0,0,0,0,0,0,0,0,0,1,7,0,0,3,0,0,0,0,0,0,0,0,0,0,0,0,00043033651475886460,5131199,000008366,5131199,,,,5131199,2001630,,,,,,,,,,,,,,,,,491d353431303031363330303831303136303132363131303032343230313400,0,0,0,0,0,0,
64,1,0,0,6,20,2016-10-08 01:27:40,2016-10-08 01:27:40,2016-10-08 01:28:01,2016-10-08 01:28:01,14,0,0,0,2,0,0,0,1301,100,1897,100,-1,-1,0,0,0,3,0,0,0,0,0,0,0,0,0,0,1,1,2,4,0,1,0,0,12,0,0,0,0,0,0,0,0,0,00000000000000000000,5151199,,5151199,,1154236,,5151199,,,,,,,,,,,,,,,,,,,0,2,12,0,0,0,
64,0,0,0,0,0,2016-10-08 01:27:40,2016-10-08 01:27:40,2016-10-08 01:28:01,2016-10-08 01:28:01,0,0,0,0,0,0,0,0,0,-1,0,-1,-1,-1,683,2,0,0,0,0,0,0,0,0,0,0,0,1,0,1,7,0,0,2,0,0,0,0,0,0,0,0,0,0,0,0,00033060271475886460,,000015118,,,,,,000015118,,,,,,,,,,,,,,,,,,0,0,0,0,0,0,
64,0,0,0,0,6,2016-10-08 01:27:34,2016-10-08 01:27:34,2016-10-08 01:28:01,2016-10-08 01:28:01,0,0,0,0,0,0,0,0,1897,-1,1897,-1,-1,-1,691,3,0,0,0,32,0,0,0,0,0,0,0,0,0,1,7,0,0,3,0,0,0,0,0,0,0,0,0,0,0,0,00041091941475886454,5151199,000021392,5151199,,,,5151199,2002438,,,,,,,,,,,,,,,,,491d373731303032343338303831303136303132363033303030323330313600,0,0,0,0,0,0,
65,0,0,0,0,512,2016-10-08 01:15:53,2016-10-08 01:15:53,2016-10-08 01:28:04,2016-10-08 01:28:04,0,0,0,0,0,0,0,0,0,-1,0,-1,-1,-1,483,2,0,0,0,0,0,0,1,0,0,0,0,0,0,1,7,0,0,1,0,0,0,0,0,0,0,0,0,0,0,0,00033057701475885753,,000004431,,,,,,000004431,,,,,,,,,,,,,,,,,,0,0,0,0,0,0,
65,219,0,0,6,9,2016-10-08 01:15:44,2016-10-08 01:15:44,2016-10-08 01:28:04,2016-10-08 01:28:04,515,0,0,0,2,0,0,0,1800,100,1800,100,-1,-1,491,3,0,3,0,32,0,0,0,0,0,0,0,0,0,1,2,4,0,2,0,0,12,0,0,0,0,0,0,0,0,0,00043032631475885744,5181502,000008397,5181502,,1153247,,5181502,2002641,,,,,,,,,,,,,,,,,491d353831303032363431303831303136303131333537303030333830313400,0,2,12,0,0,0,
66,22,0,0,33,311,2016-10-08 01:22:49,2016-10-08 01:22:49,2016-10-08 01:28:22,2016-10-08 01:28:22,278,0,0,0,1,0,0,0,556,643,1511,643,-1,-1,491,3,0,2,0,0,0,0,0,0,0,0,0,0,0,1,2,5,0,1,0,0,10,0,0,0,0,0,0,0,0,0,00014001821475886169,5161711,000008459,5132784,,1135234,,5132784,7708847613,1,,,,,,,,5161711,,,,,,,,,0,2,10,0,0,0,
67,0,0,0,15,18,2016-10-08 01:28:07,2016-10-08 01:28:07,2016-10-08 01:28:25,2016-10-08 01:28:25,0,0,0,0,0,0,0,0,7991,-1,873,-1,-1,-1,491,3,0,0,0,0,0,0,0,0,0,0,0,0,0,1,4,0,0,1,0,0,0,0,0,0,0,0,0,0,0,0,00014002631475886487,5214723,000008459,5212066,,,,5212066,7821429693,5214723,,,,,,,,5214723,,,,,,,,,0,0,0,0,0,0,
68,0,0,0,0,3,2016-10-08 01:28:22,2016-10-08 01:28:22,2016-10-08 01:28:25,2016-10-08 01:28:25,0,0,0,0,0,0,0,0,0,-1,0,-1,-1,-1,251,2,0,0,0,0,0,0,0,0,0,0,0,0,0,1,7,0,0,1,0,0,0,0,0,0,0,0,0,0,0,0,00014002631475886487,,000000204,,,,,,000000204,,,,,,,,,,,,,,,,,,0,0,0,0,0,0,
69,0,0,0,1,1,2016-10-08 01:29:13,2016-10-08 01:29:13,2016-10-08 01:29:14,2016-10-08 01:29:14,0,0,0,0,0,0,0,0,788,-1,788,-1,-1,-1,691,3,0,0,0,0,0,0,0,0,0,0,0,0,0,1,3,0,0,1,0,0,0,0,0,0,0,0,0,0,0,0,00016000821475886553,5132716,000021485,5132716,,,,5132716,000021485,,,,,,,,,,,,,,,,,,0,0,0,0,0,0,
70,0,0,0,68,68,2016-10-08 01:28:19,2016-10-08 01:28:19,2016-10-08 01:29:27,2016-10-08 01:29:27,0,0,0,68,0,0,0,0,3226,3321,3658,3321,-1,-1,0,0,0,0,0,0,0,0,0,0,0,0,0,0,0,1,3,4,0,1,0,0,0,0,0,0,0,0,0,0,0,0,00000000000000000000,5111505,,5111505,,,,5111505,,,,,,,,,,,,,,,,,,,0,0,0,0,0,0,
70,0,0,0,0,0,2016-10-08 01:28:19,2016-10-08 01:28:19,2016-10-08 01:29:27,2016-10-08 01:29:27,0,0,0,0,0,0,0,0,0,-1,0,-1,-1,-1,683,2,0,0,0,0,0,0,0,0,0,0,0,1,0,1,7,0,0,2,0,0,0,0,0,0,0,0,0,0,0,0,00033060521475886499,,000015121,,,,,,000015121,,,,,,,,,,,,,,,,,,0,0,0,0,0,0,
70,0,0,0,0,33,2016-10-08 01:27:46,2016-10-08 01:27:46,2016-10-08 01:29:27,2016-10-08 01:29:27,0,0,0,0,0,0,0,0,0,-1,0,-1,-1,-1,691,3,0,0,0,0,0,0,1,0,0,0,0,1,0,1,7,0,0,3,0,0,0,0,0,0,0,0,0,0,0,0,00016000621475886466,,000022048,,,,,,000022048,,,,,,,,,,,,,,,,,,0,0,0,0,0,0,
70,7,6,0,6,6,2016-10-08 01:27:40,2016-10-08 01:27:40,2016-10-08 01:29:27,2016-10-08 01:29:27,17,0,0,0,2,0,0,0,182,182,182,182,-1,-1,691,3,0,3,0,32,0,0,0,0,0,0,0,0,0,1,2,4,2,4,0,0,11,0,0,0,0,0,0,0,0,0,00042094441475886460,5231045,000022078,5231045,,1135353,,5231045,000022078,,,,,,,,,,,,,,,,,491d343231303031333338303831303136303132363139303030323930313600,0,2,11,0,0,0,
70,0,0,0,0,10,2016-10-08 01:28:09,2016-10-08 01:28:09,2016-10-08 01:29:27,2016-10-08 01:29:27,0,0,0,9,0,0,0,0,3226,3321,3226,3321,-1,-1,0,0,3,0,0,0,0,0,0,0,0,0,0,0,0,1,7,4,0,5,0,0,0,0,0,0,0,0,0,0,0,0,00033060441475886487,5111505,,5111505,1135353,,,5111505,1135353,,,,,,,,,,,,,,,,,,0,0,0,0,0,0,
71,10,0,0,43,181,2016-10-08 01:26:20,2016-10-08 01:26:20,2016-10-08 01:29:31,2016-10-08 01:29:31,138,0,0,0,1,0,0,0,811,600,763,600,-1,-1,691,3,0,2,0,0,0,0,0,0,0,0,0,0,0,1,2,5,0,1,0,0,10,0,0,0,0,0,0,0,0,0,00016000311475886380,5181970,000021454,5162977,,1154544,,5162977,2076520841,1,,,,,,,,5181970,,,,,,,,,0,2,10,0,0,0,
72,0,0,0,0,3,2016-10-08 01:29:42,2016-10-08 01:29:42,2016-10-08 01:29:45,2016-10-08 01:29:45,0,0,0,0,0,0,0,0,0,-1,0,-1,-1,-1,251,2,0,0,0,0,0,0,0,0,0,0,0,0,0,1,7,0,0,1,0,0,0,0,0,0,0,0,0,0,0,0,00016000851475886566,,000000205,,,,,,000000205,,,,,,,,,,,,,,,,,,0,0,0,0,0,0,
73,0,0,0,16,19,2016-10-08 01:29:26,2016-10-08 01:29:26,2016-10-08 01:29:45,2016-10-08 01:29:45,0,0,0,0,0,0,0,0,7991,-1,873,-1,-1,-1,691,3,0,0,0,0,0,0,0,0,0,0,0,0,0,1,4,0,0,1,0,0,0,0,0,0,0,0,0,0,0,0,00016000851475886566,5214723,000021485,5212066,,,,5212066,7821429693,5214723,,,,,,,,5214723,,,,,,,,,0,0,0,0,0,0,
74,6,0,0,52,91,2016-10-08 01:28:08,2016-10-08 01:28:08,2016-10-08 01:29:45,2016-10-08 01:29:45,39,0,0,0,1,0,0,0,556,643,717,643,-1,-1,491,3,0,1,0,0,0,0,0,0,0,0,0,0,0,1,2,5,0,1,0,0,10,0,0,0,0,0,0,0,0,0,00014002641475886488,5161977,000008366,5132788,,1135256,,5132788,7484250799,1,,,,,,,,5161977,,,,,,,,,0,2,10,0,0,0,
75,12,0,0,32,106,2016-10-08 01:27:49,2016-10-08 01:27:49,2016-10-08 01:29:47,2016-10-08 01:29:47,74,0,0,0,1,0,0,0,556,643,1511,643,-1,-1,691,3,0,3,0,0,0,0,0,0,0,0,0,0,0,1,2,5,0,1,0,0,10,0,0,0,0,0,0,0,0,0,00016000641475886469,5161711,000022078,5132784,,1135353,,5132784,7805121782,1,,,,,,,,5161711,,,,,,,,,0,2,10,0,0,0,
76,0,0,0,0,369,2016-10-08 01:23:39,2016-10-08 01:23:39,2016-10-08 01:29:52,2016-10-08 01:29:52,0,0,0,0,0,0,0,0,0,-1,0,-1,-1,-1,483,2,0,0,0,0,0,0,1,0,0,0,0,0,0,1,7,0,0,1,0,0,0,0,0,0,0,0,0,0,0,0,00033059451475886219,,000004443,,,,,,000004443,,,,,,,,,,,,,,,,,,0,0,0,0,0,0,
76,4,0,0,6,8,2016-10-08 01:23:31,2016-10-08 01:23:31,2016-10-08 01:29:52,2016-10-08 01:29:52,371,0,0,0,2,0,0,0,1550,141,1550,141,-1,-1,491,3,0,2,0,32,0,0,0,0,0,0,0,0,0,1,2,4,0,2,0,0,11,0,0,0,0,0,0,0,0,0,00043033231475886211,5161882,000008397,5161882,,1135235,,5161882,2002158,,,,,,,,,,,,,,,,,491d353531303032313538303831303136303132313536303031373330313400,0,2,11,0,0,0,
77,15,0,0,5,296,2016-10-08 01:24:46,2016-10-08 01:24:46,2016-10-08 01:29:57,2016-10-08 01:29:57,291,0,0,3,2,0,0,0,0,121,1331,127,121,-1,0,0,0,3,0,0,0,0,0,0,0,0,0,0,0,1,2,4,0,1,0,0,14,0,0,0,0,0,0,0,0,0,00000000000000000000,5171882,,5171882,,1154138,,5171882,,,,,,,,,,,,,,,,,,,0,2,14,0,0,0,
77,0,0,0,0,0,2016-10-08 01:24:46,2016-10-08 01:24:46,2016-10-08 01:29:57,2016-10-08 01:29:57,0,0,0,0,0,0,0,0,0,-1,0,-1,-1,-1,683,2,0,0,0,0,0,0,0,0,0,0,0,1,0,1,7,0,0,2,0,0,0,0,0,0,0,0,0,0,0,0,00033059751475886286,,000015115,,,,,,000015115,,,,,,,,,,,,,,,,,,0,0,0,0,0,0,
77,0,0,0,0,11,2016-10-08 01:24:35,2016-10-08 01:24:35,2016-10-08 01:29:57,2016-10-08 01:29:57,0,0,0,7,0,0,0,0,1850,127,1850,127,-1,-1,691,3,0,0,0,32,0,0,0,0,0,0,0,0,0,1,7,5,0,3,0,0,0,0,0,0,0,0,0,0,0,0,00041091681475886275,5171882,000022078,5171882,,,,5171882,2001680,,,,,,,,,,,,,,,,,491d373431303031363830303831303136303132333036313534303130313600,0,0,0,0,0,0,
78,0,0,0,0,3,2016-10-08 01:29:56,2016-10-08 01:29:56,2016-10-08 01:29:59,2016-10-08 01:29:59,0,0,0,0,0,0,0,0,0,-1,0,-1,-1,-1,251,2,0,0,0,0,0,0,0,0,0,0,0,0,0,1,7,0,0,1,0,0,0,0,0,0,0,0,0,0,0,0,00016000861475886567,,000000207,,,,,,000000207,,,,,,,,,,,,,,,,,,0,0,0,0,0,0,
79,0,0,0,29,32,2016-10-08 01:29:27,2016-10-08 01:29:27,2016-10-08 01:29:59,2016-10-08 01:29:59,0,0,0,0,0,0,0,0,7991,-1,763,-1,-1,-1,691,3,0,0,0,0,0,0,0,0,0,0,0,0,0,1,4,0,0,1,0,0,0,0,0,0,0,0,0,0,0,0,00016000861475886567,5154510,000021454,5162977,,,,5162977,7951350222,5154510,,,,,,,,5154510,,,,,,,,,0,0,0,0,0,0,
